N350,1,0,0,0,0,0,
N349,0,1,1,0,0,0,
N343,0,1,0,1,1,1,
N330,0,1,0,0,1,1,
N329,1,1,1,0,0,0,
N326,1,1,1,0,0,1,
N322,0,1,0,0,0,0,
N317,1,0,1,0,0,0,
N311,1,1,0,0,0,1,
N303,0,1,1,1,0,0,
N294,0,1,0,1,1,1,
N283,1,0,0,0,1,0,
N274,0,1,0,0,0,1,
N270,1,1,1,1,1,1,
N264,1,0,1,0,1,1,
N257,1,1,0,1,1,1,
N250,0,1,1,0,1,1,
N244,1,0,1,1,0,0,
N238,0,0,0,1,0,0,
N232,0,1,0,0,0,0,
N226,0,1,1,0,0,0,
N223,0,1,0,0,0,0,
N222,1,1,0,0,0,0,
N213,1,1,1,1,1,0,
N200,1,1,1,0,1,1,
N190,1,1,1,0,1,1,
N179,1,0,0,1,1,0,
N169,0,0,0,1,1,0,
N159,1,1,0,1,1,0,
N150,0,0,0,0,1,0,
N143,0,0,1,1,0,0,
N137,1,0,1,1,0,1,
N132,1,0,1,1,0,0,
N128,1,0,1,1,0,0,
N125,0,0,0,0,0,0,
N124,1,0,1,1,1,1,
N116,1,1,1,1,1,1,
N107,0,0,0,0,0,0,
N97,1,1,1,1,1,1,
N87,0,0,0,0,0,0,
N77,0,0,0,0,0,0,
N68,1,1,1,1,1,1,
N58,0,0,0,0,0,0,
N50,1,1,1,1,1,1,
N45,0,0,0,0,0,0,
N41,1,0,0,0,1,1,
N33,1,1,1,1,1,1,
N20,0,0,0,0,0,0,
N13,0,0,0,0,0,0,
N1,1,1,1,1,1,1,
N1713,0,0,0,0,0,0,
N1947,1,1,1,1,1,1,
N3195,0,0,0,0,0,0,
N3833,1,0,0,1,1,1,
N3987,1,1,1,1,1,1,
N4028,0,1,1,0,0,1,
N4145,1,0,0,1,1,0,
N4589,0,1,0,0,1,1,
N4667,0,0,0,0,0,0,
N4815,1,1,1,1,1,1,
N4944,0,0,0,0,0,0,
N5002,0,0,0,0,0,0,
N5045,0,0,0,0,0,0,
N5047,0,0,0,0,0,0,
N5078,1,1,1,1,1,1,
N5102,0,0,0,0,0,0,
N5120,1,1,1,1,1,1,
N5121,1,1,1,1,1,1,
N5192,1,1,1,1,1,1,
N5231,0,0,0,0,0,1,
N5360,1,1,0,1,1,1,
N5361,1,1,1,1,1,1,
n771,0,1,1,0,0,1,
N538,1,1,1,1,1,1,
n469,1,0,1,0,0,0,
n468,0,1,1,1,1,1,
n467,0,0,0,0,0,0,
n473,0,0,0,0,0,0,
n471,1,1,1,1,1,1,
n475,1,1,1,1,1,1,
n476,0,0,0,0,0,0,
n474,1,1,1,1,1,1,
n477,1,1,1,1,1,1,
n478,1,1,1,1,1,1,
n472,0,0,0,0,0,0,
n470,1,0,1,0,0,0,
n480,1,1,1,0,1,1,
n482,1,1,0,1,1,1,
n488,1,1,1,1,1,1,
n490,0,0,0,0,0,0,
n489,0,0,0,0,0,0,
n487,0,0,0,0,0,0,
n481,1,1,1,1,1,1,
n498,0,0,0,0,0,0,
n499,1,1,1,1,1,1,
n506,0,0,0,0,1,0,
n508,1,1,1,1,1,1,
n505,1,1,1,1,1,1,
n512,1,1,1,1,1,1,
n517,0,0,0,0,0,0,
n521,1,1,1,1,1,1,
n524,0,0,0,0,0,0,
n528,1,0,0,0,1,1,
n520,1,1,1,1,1,1,
n516,1,1,1,1,1,1,
n534,0,0,0,0,0,0,
n533,1,1,1,1,1,1,
n532,1,1,1,1,1,1,
n531,1,1,1,1,1,1,
N5080,1,1,1,1,1,1,
n540,0,0,0,0,0,0,
n542,0,0,0,0,0,0,
n541,1,1,1,1,1,1,
n545,0,0,0,0,0,0,
n549,1,1,1,1,1,1,
n548,1,1,1,1,1,1,
n547,1,1,1,1,1,1,
n546,1,1,1,1,1,1,
n544,1,1,1,1,0,1,
n557,0,0,0,0,0,0,
n560,1,1,1,1,1,1,
n561,0,0,0,0,0,0,
n556,1,1,1,1,0,1,
n555,0,0,0,0,0,0,
n539,0,1,0,1,0,1,
n567,1,1,1,1,1,1,
n507,0,0,1,0,0,0,
n511,0,0,1,0,0,0,
n566,1,0,1,0,1,0,
n570,0,0,1,1,0,0,
n543,0,1,1,0,0,1,
n574,0,0,0,0,0,0,
n581,0,0,0,0,0,0,
n584,1,1,1,1,1,1,
n585,0,0,0,0,0,0,
n587,1,1,1,1,1,1,
n591,0,0,0,0,0,0,
n590,1,1,1,1,1,1,
n589,1,1,1,1,1,1,
n588,1,1,1,1,1,1,
n586,0,0,0,0,0,0,
n595,1,1,1,1,1,1,
n594,1,1,1,1,1,1,
n593,1,1,1,1,1,1,
n592,1,1,1,1,1,1,
n583,0,0,0,0,0,0,
n582,1,1,1,1,1,1,
n599,1,1,1,1,1,1,
n578,1,1,1,0,0,1,
n602,0,0,0,1,0,0,
n603,1,0,1,0,1,0,
N5050,0,0,0,0,0,0,
n492,1,1,1,1,1,1,
n484,1,1,0,0,1,1,
n608,0,1,1,1,0,1,
n609,0,0,1,0,0,0,
n483,0,0,0,0,0,0,
n607,0,0,0,0,0,0,
n485,0,0,1,0,0,0,
n569,1,1,0,1,1,1,
n509,1,1,0,1,0,1,
n616,0,1,0,0,1,1,
n606,1,1,1,1,1,1,
n620,0,0,0,0,0,0,
n503,1,1,0,1,1,0,
n625,0,0,1,0,0,1,
n624,1,1,1,1,1,1,
n623,1,1,1,1,1,1,
n622,1,1,1,1,1,1,
n504,0,0,0,0,0,0,
n629,1,1,1,1,1,1,
n628,1,1,1,1,1,1,
n627,1,1,1,1,1,1,
n626,1,1,1,1,1,1,
n501,1,1,1,1,1,1,
n514,0,0,0,0,0,0,
n631,1,1,1,1,1,1,
n634,0,0,0,0,0,0,
n636,1,1,1,1,1,1,
n639,0,0,0,0,0,0,
n641,1,1,1,1,1,1,
n637,0,0,0,0,0,0,
n643,1,1,1,1,1,1,
n645,0,0,0,0,0,0,
n635,0,1,1,1,0,1,
n648,1,0,0,0,1,0,
n652,0,1,1,1,0,1,
n651,1,1,1,1,1,1,
n650,1,1,1,1,1,1,
n649,1,1,1,1,1,1,
n647,0,0,0,0,0,0,
n654,1,1,1,1,1,1,
n655,0,0,0,0,0,0,
n653,1,1,1,1,1,1,
n519,1,1,1,1,1,1,
n630,1,1,1,1,1,1,
n658,0,0,0,0,0,0,
n661,1,1,1,1,1,1,
n664,1,1,1,1,1,1,
n665,1,1,1,1,1,1,
n668,0,0,0,0,0,0,
n672,1,1,1,1,1,1,
n671,1,1,1,1,1,1,
n670,1,1,1,1,1,1,
n669,1,1,1,1,1,1,
n667,1,1,1,1,1,1,
n675,1,1,1,1,1,1,
n676,0,0,0,0,0,0,
n677,0,1,0,0,1,0,
n674,0,0,0,0,0,0,
n518,1,1,1,1,1,1,
n662,0,0,0,0,0,0,
n660,1,1,1,1,1,1,
n681,0,0,0,0,0,0,
n579,1,1,1,1,1,1,
n657,0,0,0,0,0,0,
n568,1,1,1,1,1,1,
n604,0,1,0,0,1,1,
n685,0,0,0,1,1,0,
n684,0,1,0,1,0,1,
n688,1,1,1,0,1,1,
n689,0,0,0,1,0,0,
n580,0,1,0,1,0,1,
n659,0,1,0,0,0,1,
n693,0,1,0,0,0,1,
n692,0,0,0,1,0,0,
n691,1,1,1,1,1,1,
n694,0,0,0,0,0,0,
n695,1,1,1,0,0,1,
n680,1,1,1,0,0,1,
n699,0,0,0,1,1,0,
n596,0,0,0,1,1,0,
n702,1,1,1,1,1,1,
n707,1,1,1,1,1,1,
n709,0,0,0,1,0,0,
n712,1,1,1,0,1,1,
n714,0,0,0,1,0,0,
n715,1,0,0,1,1,0,
n572,0,1,1,1,0,1,
n718,0,0,0,0,0,0,
n610,1,0,0,1,1,0,
n720,1,0,0,1,1,0,
n713,1,1,1,1,1,1,
n723,0,1,0,0,0,1,
n571,1,0,1,1,1,0,
n612,0,1,0,0,0,1,
n722,0,0,0,0,0,0,
n497,1,1,1,0,1,1,
n725,1,1,1,1,1,1,
n611,0,1,1,0,0,1,
n515,1,0,0,1,1,0,
n728,0,1,1,0,0,1,
n731,0,1,1,0,0,1,
n711,0,0,0,0,0,0,
n708,0,0,0,0,0,0,
n734,0,0,0,0,0,0,
n735,0,0,0,0,0,0,
n491,1,1,1,1,1,1,
n479,1,1,1,1,1,1,
n737,0,0,0,0,0,0,
n738,1,1,1,1,1,1,
n736,1,0,1,0,0,0,
n613,1,0,1,1,0,0,
n617,0,0,0,1,0,0,
n618,1,1,1,1,1,1,
n739,1,1,1,0,1,1,
n741,0,0,0,0,0,0,
n494,0,0,0,0,0,0,
n745,1,1,1,1,1,1,
n749,0,0,0,0,0,0,
n748,1,1,1,1,1,1,
n747,1,1,1,1,1,1,
n746,1,1,1,1,1,1,
n744,0,0,0,0,0,0,
n753,1,1,1,1,1,1,
n752,1,1,1,1,1,1,
n751,1,1,1,1,1,1,
n750,1,1,1,1,1,1,
n493,0,0,0,0,0,0,
n486,1,1,1,1,1,1,
n756,0,0,0,0,0,0,
n755,1,0,1,0,1,0,
n754,1,1,1,1,1,1,
n597,0,0,0,0,0,0,
n760,0,0,0,1,1,0,
n500,0,0,0,0,0,0,
n759,1,0,1,0,0,0,
n762,0,1,0,1,1,1,
n766,1,1,1,1,1,1,
n765,1,1,1,1,1,1,
n764,1,1,1,1,1,1,
n763,1,0,1,0,0,0,
n761,1,1,1,1,1,1,
n770,1,1,1,1,1,1,
n523,0,0,0,0,0,0,
n559,1,1,1,1,1,1,
n536,0,0,0,0,0,0,
n558,1,1,1,1,1,1,
n769,1,1,1,1,1,1,
n538,0,0,0,0,0,0,
n525,1,1,1,1,1,1,
n537,0,0,0,0,0,0,
n527,1,1,1,1,1,1,
n768,1,1,1,1,1,1,
n522,0,0,0,0,0,0,
n565,1,1,1,1,1,1,
n774,0,0,0,0,0,0,
n530,0,0,0,0,0,0,
n564,1,1,1,1,1,1,
n772,0,0,0,0,0,0,
n767,0,0,0,0,0,0,
n535,1,1,1,1,1,1,
n563,0,0,0,0,0,0,
n529,0,0,0,0,0,0,
n562,1,1,1,1,1,1,
n776,0,0,0,0,0,0,
n758,0,0,0,0,0,0,
n778,1,1,1,1,1,1,
n642,1,1,1,1,1,1,
n779,0,0,0,0,0,0,
n601,0,0,0,0,0,0,
n638,1,1,1,1,1,1,
n777,1,1,1,1,1,1,
n598,1,1,1,1,1,1,
n663,0,0,0,0,0,0,
n495,1,1,1,1,1,1,
n633,1,1,1,1,1,1,
n784,1,1,1,1,1,1,
n785,0,0,0,0,0,0,
n640,1,1,1,1,1,1,
n510,0,0,0,0,0,0,
n605,0,1,0,0,1,1,
n724,1,0,1,1,1,0,
n787,1,1,1,0,0,1,
n789,1,1,1,1,1,0,
n792,1,0,1,0,1,1,
n791,0,1,1,0,0,1,
n788,0,0,0,1,1,0,
n696,1,1,1,0,1,1,
n798,1,1,1,0,0,1,
n716,1,1,1,1,0,1,
n577,1,1,1,1,1,1,
n687,1,0,1,1,1,0,
n690,1,1,1,0,0,1,
n805,0,0,0,1,1,0,
n806,1,1,1,0,0,1,
n799,0,0,0,0,0,0,
n700,1,1,1,1,0,1,
n808,0,0,0,0,0,0,
n801,0,0,0,1,1,0,
n632,1,1,1,0,1,1,
n797,1,1,1,0,1,1,
n810,1,1,1,1,1,1,
n679,0,0,0,0,0,0,
n697,1,1,1,1,1,1,
n576,0,0,0,0,0,0,
n717,1,1,1,1,1,1,
n615,0,1,1,0,0,1,
n815,1,0,0,1,1,0,
n575,1,1,1,1,1,1,
n820,1,1,1,1,1,1,
n821,0,0,0,0,0,0,
n819,0,0,0,0,0,0,
n673,1,1,1,1,0,1,
n814,1,0,0,0,1,0,
n826,0,1,1,0,0,1,
n730,1,0,0,1,1,0,
n740,0,0,0,0,0,0,
n813,1,1,1,1,0,1,
n802,0,0,0,0,1,0,
n829,1,1,1,0,0,1,
n831,0,0,0,1,1,0,
n830,0,0,0,0,1,0,
n686,1,1,1,0,0,1,
n703,1,1,1,0,0,1,
n828,0,1,1,0,0,1,
n698,1,1,1,1,1,1,
n834,0,0,0,0,0,0,
n811,0,0,0,1,0,0,
n809,1,1,1,1,1,1,
n840,0,0,0,1,1,0,
n839,1,1,1,0,1,1,
n794,1,0,1,0,1,1,
n844,0,1,0,1,0,0,
n842,1,0,1,1,0,0,
n812,0,0,0,0,0,0,
n848,1,1,1,1,1,1,
n526,0,0,0,0,0,0,
n666,0,0,0,1,0,0,
n851,1,1,1,1,1,1,
n852,0,0,0,0,0,0,
n835,0,0,0,0,0,0,
n796,1,0,0,1,0,0,
n856,0,1,1,0,1,1,
n857,0,1,1,0,1,1,
n855,0,0,1,1,0,0,
n832,0,0,0,1,1,0,
n701,1,1,1,0,0,1,
n861,0,0,0,1,1,0,
n860,1,1,1,0,1,1,
n790,1,1,0,1,1,1,
n863,0,0,1,0,0,0,
n862,0,0,0,0,1,1,
n704,1,1,1,1,1,1,
n865,1,1,1,1,1,1,
n706,0,0,0,0,0,0,
n864,0,0,0,0,0,0,
n850,1,1,1,1,1,1,
n838,0,0,0,1,1,0,
n804,1,1,1,1,1,1,
n867,0,0,0,0,0,0,
n868,1,1,1,1,1,1,
n836,0,0,0,0,0,0,
n554,0,0,0,0,0,0,
n553,0,1,1,1,0,1,
n807,0,0,0,1,1,0,
n800,0,0,0,1,0,0,
n793,0,0,0,0,0,0,
n795,1,1,1,1,1,1,
n871,0,0,0,0,0,0,
n845,1,1,1,1,1,1,
n843,1,1,1,1,1,1,
n872,0,0,0,0,0,0,
n858,0,0,0,0,0,0,
n870,0,1,0,0,0,0,
n614,1,0,0,1,1,0,
n874,0,1,1,0,0,1,
n875,1,0,0,1,1,0,
n573,0,1,1,0,0,1,
n876,0,0,0,0,0,0,
n878,1,1,1,1,1,1,
n877,0,0,0,0,0,0,
n823,1,1,1,1,1,1,
n833,0,0,0,0,0,0,
n817,0,1,1,0,0,0,
n883,1,0,0,1,1,1,
n881,0,0,1,1,1,1,
n726,0,0,0,1,0,0,
n719,1,1,1,1,1,1,
n886,1,0,0,1,1,0,
n885,1,1,1,0,1,1,
n887,0,1,0,0,0,0,
n890,1,1,1,1,1,1,
n891,0,1,1,0,0,0,
n775,0,0,0,1,0,0,
n773,0,0,0,1,0,0,
n727,0,0,0,0,0,0,
n893,1,1,1,1,1,1,
n866,0,0,0,0,0,0,
n892,1,1,1,1,1,1,
n656,0,0,1,0,0,1,
n742,0,0,0,1,0,0,
n743,1,1,1,1,1,1,
n729,1,1,1,1,1,1,
n732,0,0,0,0,0,0,
n898,0,0,0,1,0,0,
n721,0,1,1,0,0,1,
n899,1,1,1,1,1,1,
n901,0,0,0,0,0,0,
n849,0,0,0,0,0,0,
n837,1,1,1,1,1,1,
n552,1,1,1,1,1,1,
n733,1,0,0,1,1,0,
n900,0,0,0,1,0,0,
n903,1,1,1,1,1,1,
n854,0,0,0,0,0,0,
n904,0,1,0,0,0,0,
n888,0,0,0,0,0,0,
n827,1,1,1,1,1,1,
n897,0,0,0,0,0,0,
n906,1,1,1,1,1,1,
n825,1,1,1,1,1,1,
n879,0,0,0,0,0,0,
n895,1,1,1,1,1,1,
n869,1,1,1,1,1,1,
n822,0,0,0,0,0,0,
n853,1,1,1,1,1,1,
n824,0,0,0,0,0,0,
n907,1,1,1,1,1,1,
n818,1,1,1,1,1,1,
n847,1,1,1,1,1,1,
n880,0,0,0,0,0,0,
n619,0,0,0,0,0,0,
n496,1,1,1,1,1,1,
n905,0,0,0,1,1,0,
n896,1,0,1,1,0,0,
n910,0,1,0,0,1,1,
n846,0,0,0,0,0,0,
n884,1,1,1,1,1,1,
n882,1,1,1,1,1,1,
n911,0,0,0,0,0,0,
n757,1,1,1,1,1,1,
n909,1,1,1,1,1,1,
n841,1,1,1,1,1,1,
n873,0,0,0,0,0,0,
n859,1,1,1,1,1,1,
n803,0,1,1,1,0,0,
n621,0,0,0,0,0,0,
n816,1,1,1,0,0,1,
n912,1,1,1,1,1,1,
n600,0,0,0,0,0,0,
n913,1,1,1,1,1,1,
n915,0,0,0,0,0,0,
n786,1,1,1,1,1,1,
n916,0,0,0,0,0,0,
n550,1,1,1,1,1,1,
n914,1,1,1,1,1,1,
n551,1,1,1,1,1,1,
n782,0,0,0,0,0,0,
n894,0,0,0,0,0,0,
n917,0,0,0,0,0,0,
n646,0,0,0,0,0,0,
N323,1,0,0,1,1,1,
n644,1,0,0,0,0,0,
n920,1,0,1,0,0,0,
n902,1,1,1,0,1,1,
n919,1,1,0,1,1,1,
n889,1,0,1,1,1,1,
n678,1,1,1,0,0,0,
n922,1,0,1,1,0,0,
n921,1,0,1,0,1,1,
n925,1,1,1,1,1,1,
n705,1,1,1,1,1,1,
n783,0,0,0,0,0,0,
n683,0,0,0,0,0,0,
n926,0,0,0,0,0,0,
n930,0,0,0,0,0,0,
n929,1,0,0,1,1,1,
n928,1,1,1,0,1,1,
n927,0,0,1,0,0,0,
n781,0,0,0,0,0,0,
n924,1,1,1,1,1,1,
n780,0,0,0,0,0,0,
n710,0,0,0,0,0,0,
n908,1,1,1,1,1,1,
n682,1,1,1,1,1,1,
n923,0,1,1,0,1,1,
n931,1,0,0,1,0,0,
N26,0,0,0,0,0,0,
n918,1,1,1,1,1,1,
n513,0,0,0,0,0,0,
n502,1,1,1,1,1,1,
